0 0.603125 0.549451 0.150000 0.197802
0 0.471875 0.427198 0.100000 0.123626
0 0.853125 0.833791 0.293750 0.332418
0 0.782031 0.381868 0.154688 0.120879
0 0.387500 0.342033 0.106250 0.167582
0 0.508594 0.336538 0.107813 0.140110
0 0.289062 0.277473 0.040625 0.054945
0 0.851562 0.550824 0.215625 0.206044
1 0.703906 0.538462 0.073438 0.170330
1 0.789844 0.590659 0.073438 0.170330
1 0.940625 0.491758 0.118750 0.252747
1 0.540625 0.429945 0.043750 0.118132
0 0.313281 0.309066 0.026562 0.063187
0 0.318750 0.256868 0.034375 0.057692
